0.0   3.0
1.0   3.0099998333341667
2.0   3.019998666693333
3.0   3.029995500202496
4.0   3.039989334186634
5.0   3.0499791692706784
6.0   3.0599640064794444
7.0   3.0699428473375328
8.0   3.079914693969173
9.0   3.089878549198011
10.0   3.099833416646828
11.0   3.1097783008371747
12.0   3.119712207288919
13.0   3.129634142619695
14.0   3.1395431146442365
15.0   3.149438132473599
16.0   3.159318206614246
17.0   3.169182349066996
18.0   3.179029573425824
19.0   3.1888588949765007
20.0   3.1986693307950613
21.0   3.2084598998460994
22.0   3.218229623080869
23.0   3.2279775235351886
24.0   3.2377026264271347
25.0   3.2474039592545227
26.0   3.2570805518921553
27.0   3.266731436688831
28.0   3.2763556485641137
29.0   3.2859522251048356
30.0   3.2955202066613394
31.0   3.3050586364434436
32.0   3.3145665606161177
0.0   3.0
1.0   3.0099998333341667
2.0   3.019998666693333
3.0   3.029995500202496
4.0   3.039989334186634
5.0   3.0499791692706784
6.0   3.0599640064794444
7.0   3.0699428473375328
8.0   3.079914693969173
9.0   3.089878549198011
10.0   3.099833416646828
11.0   3.1097783008371747
12.0   3.119712207288919
13.0   3.129634142619695
14.0   3.1395431146442365
15.0   3.149438132473599
16.0   3.159318206614246
17.0   3.169182349066996
18.0   3.179029573425824
19.0   3.1888588949765007
20.0   3.1986693307950613
0.0   3.0
1.0   3.0099998333341667
2.0   3.019998666693333
3.0   3.029995500202496
4.0   3.039989334186634
5.0   3.0499791692706784
6.0   3.0599640064794444
7.0   3.0699428473375328
8.0   3.079914693969173
9.0   3.089878549198011
10.0   3.099833416646828
11.0   3.1097783008371747
12.0   3.119712207288919
13.0   3.129634142619695
14.0   3.1395431146442365
15.0   3.149438132473599
16.0   3.159318206614246
17.0   3.169182349066996
18.0   3.179029573425824
19.0   3.1888588949765007
20.0   3.1986693307950613
21.0   3.2084598998460994
22.0   3.218229623080869
23.0   3.2279775235351886
24.0   3.2377026264271347
0.0   3.0
1.0   3.0099998333341667
2.0   3.019998666693333
3.0   3.029995500202496
4.0   3.039989334186634
0.0   3.0
1.0   3.0099998333341667
2.0   3.019998666693333
3.0   3.029995500202496
4.0   3.039989334186634
5.0   3.0499791692706784
6.0   3.0599640064794444
7.0   3.0699428473375328
8.0   3.079914693969173
9.0   3.089878549198011
10.0   3.099833416646828
11.0   3.1097783008371747
12.0   3.119712207288919
13.0   3.129634142619695
14.0   3.1395431146442365
15.0   3.149438132473599
16.0   3.159318206614246
17.0   3.169182349066996
18.0   3.179029573425824
19.0   3.1888588949765007
20.0   3.1986693307950613
21.0   3.2084598998460994
22.0   3.218229623080869
23.0   3.2279775235351886
0.0   3.0
1.0   3.0099998333341667
2.0   3.019998666693333
3.0   3.029995500202496
4.0   3.039989334186634
5.0   3.0499791692706784
6.0   3.0599640064794444
7.0   3.0699428473375328
8.0   3.079914693969173
9.0   3.089878549198011
10.0   3.099833416646828
11.0   3.1097783008371747
12.0   3.119712207288919
13.0   3.129634142619695
14.0   3.1395431146442365
15.0   3.149438132473599
16.0   3.159318206614246
17.0   3.169182349066996
18.0   3.179029573425824
19.0   3.1888588949765007
20.0   3.1986693307950613
21.0   3.2084598998460994
22.0   3.218229623080869
23.0   3.2279775235351886
24.0   3.2377026264271347
25.0   3.2474039592545227
26.0   3.2570805518921553
27.0   3.266731436688831
28.0   3.2763556485641137
29.0   3.2859522251048356
30.0   3.2955202066613394
31.0   3.3050586364434436
32.0   3.3145665606161177
33.0   3.3240430283948683
34.0   3.3334870921408144
35.0   3.3428978074554516
36.0   3.35227423327509
37.0   3.361615431964962
38.0   3.3709204694129826
39.0   3.3801884151231616
40.0   3.3894183423086504
41.0   3.398609327984423
42.0   3.40776045305957
43.0   3.416870802429211
44.0   3.4259394650659996
45.0   3.4349655341112304
46.0   3.44394810696552
47.0   3.4528862853790683
48.0   3.4617791755414826
49.0   3.470625888171158
50.0   3.479425538604203
51.0   3.4881772468829073
52.0   3.496880137843737
53.0   3.505533341204847
54.0   3.514135991653113
55.0   3.522687228930659
56.0   3.531186197920883
57.0   3.5396320487339694
58.0   3.5480239367918736
59.0   3.5563610229127836
60.0   3.5646424733950353
61.0   3.5728674601004813
62.0   3.581035160537305
63.0   3.5891447579422695
64.0   3.597195441362392
65.0   3.6051864057360397
66.0   3.613116851973434
67.0   3.6209859870365597
68.0   3.6287930240184685
69.0   3.636537182221968
70.0   3.644217687237691
71.0   3.6518337710215367
72.0   3.6593846719714733
73.0   3.666869635003698
74.0   3.674287911628145
75.0   3.681638760023334
76.0   3.688921445110551
77.0   3.696135238627357
78.0   3.70327941920041
79.0   3.710353272417608
80.0   3.7173560908995227
81.0   3.7242871743701427
82.0   3.731145829726896
0.0   3.0
1.0   3.0099998333341667
2.0   3.019998666693333
3.0   3.029995500202496
4.0   3.039989334186634
5.0   3.0499791692706784
6.0   3.0599640064794444
7.0   3.0699428473375328
8.0   3.079914693969173
9.0   3.089878549198011
10.0   3.099833416646828
11.0   3.1097783008371747
